27
21
18
16
17
28
26
21
32
27
30
15
13
31
19
28
32
24
26
26
17
20
21
20
19
17
24
13
13
19
11
18
27
24
18
22
21
21
21
19
35
23
20
29
24
22
22
16
20
31
23
20
25
18
12
19
16
23
21
30
19
12
23
826
32
34
13
11
28
36
29
27
178
52
18
34
14
23
23
16
16
22
25
27
16
57
41
51
42
23
19
21
20
22
16
20
18
19
33
17
18
29
19
20
17
11
18
39
22
21
19
20
22
14
19
31
22
29
17
39
16
21
10
69
26
30
37
29
30
20
30
40
25
33
36
17
29
28
23
54
22
26
27
35
54
18
22
47
33
27
36
20
22
37
16
34
34
42
26
11
23
49
15
16
9
13
18
14
25
38
10
14
52
13
26
22
24
33
20
29
18
38
32
33
37
21
22
35
10
21
27
23
25
22
12
15
21
23
24
32
16
25
19
23
18
22
18
21
21
19
31
24
26
13
25
31
22
31
31
18
31
26
18
24
24
37
18
23
21
23
18
22
20
28
19
19
24
11
21
35
20
10
17
27
7
18
24
24
28
22
18
18
22
32
34
24
20
31
35
23
18
9
13
25
20
19
20
22
19
29
22
31
20
19
23
30
21
20
20
19
17
19
29
54
13
24
20
22
8
17
34
26
21
25
30
26
12
39
23
17
15
13
16
23
21
20
20
9
11
15
19
28
20
20
9
24
21
12
25
7
23
22
28
21
23
21
19
27
27
21
29
31
18
10
17
15
35
30
16
32
37
11
26
19
40
16
26
55
22
34
20
20
16
16
21
24
10
6
24
11
26
12
23
26
24
17
30
22
27
18
24
39
27
41
26
18
31
15
40
16
25
17
17
35
21
124
24
17
27
13
24
20
25
24
19
23
28
43
18
22
20
12
19
16
22
10
26
26
21
22
30
12
18
21
18
20
16
18
14
25
18
