39
44
18
32
15
13
21
21
31
18
16
17
28
15
15
757
20
17
12
22
16
29
23
23
18
12
16
18
25
18
28
24
16
26
26
33
16
23
17
22
23
12
33
47
41
16
16
13
23
20
26
12
18
16
13
18
22
735
15
13
13
19
13
18
14
29
32
38
13
29
25
13
17
17
15
16
16
29
18
19
19
23
23
19
23
18
22
22
22
15
33
11
15
16
13
25
24
23
23
24
28
24
31
17
14
18
20
17
14
12
17
18
12
16
16
20
25
20
24
22
13
24
23
23
23
16
13
13
21
16
12
25
12
30
24
17
32
38
18
20
15
18
21
13
25
25
17
23
18
17
12
25
10
15
12
12
27
20
22
18
15
30
17
18
20
15
23
17
19
16
15
17
18
12
18
25
24
15
11
15
15
19
16
20
20
24
15
18
17
15
27
26
15
16
20
15
22
24
28
24
13
29
12
20
19
19
28
14
17
14
20
17
21
17
20
9
18
23
24
15
22
20
21
16
20
17
17
16
22
11
16
17
23
13
31
34
9
20
10
17
28
14
19
14
13
24
15
18
10
17
32
19
22
17
19
19
17
14
17
20
25
17
20
33
28
43
14
19
25
38
26
27
20
13
16
33
23
14
28
16
21
19
25
28
19
31
16
18
12
12
28
26
21
24
17
20
12
22
14
10
23
29
20
22
25
24
22
21
21
20
29
25
22
24
34
19
26
30
17
19
14
20
34
23
22
19
22
24
23
22
19
33
23
28
21
23
16
20
13
19
27
33
32
18
9
17
26
27
21
30
29
24
27
28
15
12
25
22
16
21
27
23
30
19
26
44
27
28
24
28
24
35
16
19
41
8
11
20
13
12
32
14
42
24
28
24
13
23
23
28
18
26
15
36
33
24
29
21
22
19
13
27
31
32
28
22
42
23
15
23
14
27
24
16
25
14
36
25
25
32
28
14
24
25
14
23
36
27
22
26
25
16
22
29
14
19
29
38
26
23
18
23
28
27
32
19
21
23
30
25
21
26
15
40
23
13
25
35
16
45
25
35
25
23
21
17
28
33
47
20
18
26
26
13
22
22
26
38
37
28
19
17
23
28
25
19
27
19
23
23
30
22
21
30
23
25
21
25
32
26
17
23
16
28
25
27
20
39
38
20
20
24
24
23
18
37
8
31
25
22
27
20
18
23
23
12
17
26
16
27
26
36
21
26
47
33
24
33
21
13
10
25
23
29
29
26
34
20
11
25
20
29
19
18
25
17
17
30
22
11
20
20
22
21
23
44
26
24
14
20
20
16
25
29
13
15
16
23
37
17
17
23
22
32
23
20
38
27
28
48
34
20
27
15
24
25
23
40
15
26
20
26
28
25
23
28
24
21
18
11
36
26
27
26
24
30
26
12
29
20
11
28
47
19
31
14
29
17
23
23
21
45
24
16
25
6
42
29
35
17
37
17
34
17
27
24
35
39
27
29
26
19
25
28
17
36
26
24
16
52
19
29
26
28
32
26
28
27
30
9
26
22
32
20
18
12
26
21
19
15
20
14
14
28
17
19
22
20
11
39
23
22
21
18
19
26
17
30
21
17
22
22
18
14
23
19
36
23
25
36
24
20
22
17
28
39
22
18
31
21
29
26
23
23
19
23
40
19
13
31
26
27
11471
35
28
28
12
41
38
49
45
38
30
16
27
28
39
32
21
33
32
26
22
32
26
27
31
47
25
28
50
36
37
29
12
35
29
38
28
41
33
15
32
39
31
32
31
54
22
16
23
16
15
20
51
21
20
14
14
19
12
25
19
12
24
16
15
2580
25
27
24
14
15
24
23
19
52
637
55
39
46
26
22
22
41
26
19
32
16
10
32
21
18
43
36
26
21
20
19
18
22
21
18
20
17
31
19
25
18
21
27
38
40
20
34
21
26
31
28
20
18
25
15
18
23
26
22
16
22
20
20
24
18
21
19
25
16
20
2597
28
20
20
22
35
17
38
40
23
28
27
39
17
22
7
32
26
10
18
26
30
21
21
21
20
39
43
36
36
33
32
35
33
22
24
26
12
18
16
20
33
14
26
26
21
20
18
21
16
19
23
19
28
28
18
796
19
14
23
25
39
28
41
20
23
22
22
42
18
19
15
29
16
20
20
15
17
12
20
19
23
19
25
11
31
12
35
15
22
10
20
28
13
23
17
31
42
19
11
32
24
23
12
24
19
12
17
13
15
24
16
13
21
21
249
21
15
27
47
26
24
25
34
18
23
17
25
19
21
15
21
20
30
12
15
24
13
15
17
27
18
25
28
27
20
15
22
20
19
16
17
15
13
24
36
16
30
21
16
25
32
37
15
16
16
25
29
13
17
22
10
20
16
19
12
12
22
26
25
34
13
19
28
33
46
19
24
39
21
27
25
20
21
21
12
13
20
15
18
18
14
17
14
12
19
25
28
28
17
21
21
25
27
26
17
29
24
38
34
24
21
20
19
24
20
17
16
18
17
23
16
35
17
16
21
13
40
18
16
33
26
32
29
24
21
19
20
18
22
22
32
25
27
18
18
25
21
6
20
13
16
14
16
17
20
23
17
31
16
14
12
32
19
18
31
21
19
25
19
22
21
20
29
18
13
22
21
26
23
18
16
28
28
34
19
18
16
21
17
22
12
23
22
20
22
32
193
23
25
28
19
26
19
16
24
17
16
19
15
17
15
15
18
620
22
26
25
26
27
26
29
21
22
32
24
19
25
18
29
19
23
22
19
19
21
41
33
25
18
35
19
29
17
11
18
14
22
27
17
14
13
17
23
2541
25
22
18
21
18
25
21
32
25
20
35
16
22
14
22
31
17
29
34
22
13
30
21
23
25
25
11
8
15
14
19
30
20
19
19
20
22
20
22
22
22
25
26
24
23
20
14
24
19
31
17
22
21
34
19
29
14
23
26
14
22
30
27
25
20
14
18
19
21
17
16
21
15
20
837
22
26
23
30
26
19
18
40
25
35
12
29
24
24
19
26
29
27
23
44
20
34
25
24
32
26
15
16
16
18
23
9
13
14
794
10
19
27
29
23
23
37
14
37
13
14
24
19
15
15
21
16
19
27
23
18
19
24
17
17
25
29
21
27
21
29
30
15
29
28
19
19
23
22
12
16
18
15
23
19
16
812
16
31
28
18
24
17
18
20
33
21
25
32
35
19
20
23
23
30
14
18
14
22
25
25
13
23
19
18
19
27
19
17
19
16
11
20
20
23
12
38
20
28
20
27
19
23
19
32
29
22
13
13
16
18
14
22
19
26
20
27
26
19
26
27
22
28
14
19
25
21
32
16
22
23
18
17
26
21
14
22
17
13
23
18
18
22
24
26
18
19
27
26
23
20
17
21
17
23
21
19
11
24
16
24
17
23
23
16
20
27
11
23
20
19
19
26
17
16
14
19
23
18
21
17
21
19
24
17
22
17
17
20
2836
39
31
21
18
