32
34
17
21
29
34
31
19
22
15
25
19
13
12
16
38
32
15
15
14
23
18
37
19
37
14
25
21
23
15
9
33
20
22
24
29
28
27
33
15
18
27
25
25
15
13
37
15
19
22
13
20
18
33
9
30
15
28
34
22
19
47
21
28
18
14
17
16
20
15
22
27
31
24
20
15
30
20
12
10
13
12
20
23
17
24
14
11
13
20
591
16
1228
616
12
1213
627
612
16
9
15
19
10
12
13
449
23
21
20
24
25
28
1264
14
29
16
20
71
19
1226
606
642
23
26
319
615
616
629
605
27
1205
623
617
12
1237
29
13
345
10
18
352
621
611
614
20
1222
16
15
346
20
1225
618
22
1198
620
622
18
22
17
28
11
17
1280
612
16
1216
619
617
34
1213
27
1192
612
618
623
617
25
12
15
946
632
16
18
337
16
16
20
959
630
15
15
19
24
27
26
21
20
983
643
595
622
19
18
17
944
17
1216
13
1224
24
1204
27
35
25
22
21
35
30
34
19
31
24
34
16
16
14
16
11
8
11
16
13
19
31
20
18
26
35
25
22
19
30
13
21
12
17
16
32
17
11
15
6
19
19
9
17
23
10
30
15
26
25
10
17
16
25
20
13
41
24
19
28
21
33
13
11
24
19
20
21
36
12
12
15
23
16
15
12
17
13
13
24
15
19
20
16
17
20
20
10
15
20
18
29
10
17
14
17
30
10
21
27
17
621
38
37
18
21
20
26
16
37
15
21
24
21
26
21
13
25
24
27
29
39
22
35
32
20
17
16
13
15
18
18
31
11
19
18
11
14
19
28
14
18
15
28
12
19
24
32
24
38
13
34
22
32
21
17
36
29
20
30
16
13
24
11
30
13
8
20
15
14
20
22
18
27
25
33
26
19
16
17
32
21
32
24
35
29
19
25
22
13
21
15
16
21
21
22
23
11
27
14
21
13
22
18
23
24
17
13
14
19
19
31
29
26
20
14
19
23
27
27
26
15
23
22
17
36
19
20
16
27
15
31
14
18
23
10
24
18
24
14
21
20
21
16
23
14
28
17
25
20
17
7
18
27
16
14
27
14
19
15
13
22
21
15
24
30
19
20
27
29
13
22
14
22
16
18
19
18
31
15
16
13
23
23
12
15
26
17
23
23
13
28
24
20
23
20
13
13
19
8
17
19
13
19
28
9
27
25
24
9
22
19
19
19
17
17
16
18
22
16
16
18
25
18
38
23
23
18
19
21
20
25
16
15
21
18
25
22
10
16
21
18
32
18
17
13
7
20
18
21
32
27
26
15
9
14
20
28
19
12
28
15
23
26
11
8
24
27
27
28
25
14
30
23
21
21
30
22
28
24
21
11
16
12
18
19
21
34
21
23
16
17
21
31
15
12
21
23
28
18
24
29
29
24
21
12
14
20
21
19
28
15
15
27
19
21
22
26
24
15
31
22
27
32
24
26
27
26
15
25
26
24
22
20
9
10
21
19
30
33
20
20
9
29
23
22
33
22
27
26
29
24
15
20
21
25
21
17
25
43
19
28
29
16
20
27
29
24
24
24
13
27
24
18
32
15
17
27
28
22
31
18
21
29
12
16
20
22
21
30
32
16
22
15
9
33
14
25
25
29
15
13
40
17
24
31
22
17
37
26
22
31
36
20
28
17
18
21
21
23
12
29
20
25
19
20
26
17
19
23
32
18
23
38
26
38
31
25
28
30
26
12
41
25
23
21
20
27
26
18
29
25
19
10
23
21
23
23
22
12
17
22
28
24
27
15
30
31
20
22
29
29
10
12
26
29
20
25
27
29
23
18
19
12
9
20
38
17
29
29
16
17
19
27
28
31
23
25
25
19
7
14
25
27
20
17
26
31
26
34
24
17
23
7
16
15
24
27
20
32
24
18
31
14
15
32
18
28
22
24
30
42
18
30
20
14
23
21
28
30
15
10
26
26
8
30
26
17
21
14
25
33
18
23
15
28
35
16
28
23
19
27
20
25
18
17
8
29
15
30
34
17
20
28
27
33
30
22
18
33
26
16
17
6
24
29
15
22
18
30
40
33
19
31
30
17
24
21
28
10
20
22
24
28
22
21
18
21
28
29
29
29
25
18
38
26
7
17
23
28
25
14
26
17
28
21
23
18
22
24
23
23
19
14
33
27
15
23
29
18
23
11
26
18
26
26
22
18
19
23
21
20
29
15
45
15
25
19
20
30
27
23
25
25
20
16
23
14
30
34
24
24
28
20
26
17
33
31
33
23
21
24
21
28
17
17
32
33
23
27
32
24
23
32
35
34
14
25
23
28
35
17
44
21
15
30
19
28
13
30
29
25
26
25
13
13
16
22
19
16
17
23
20
11
19
18
22
33
11
25
21
16
20
30
29
23
31
32
26
20
26
27
33
30
18
24
26
19
21
28
24
33
21
24
34
18
19
42
20
36
29
14
36
21
24
39
19
33
34
22
13
17
18
7
28
33
25
37
31
27
23
30
34
18
27
14
28
25
31
33
17
37
12
33
21
22
17
28
18
17
18
11
31
26
19
25
26
29
28
26
34
26
15
40
25
19
32
22
20
20
25
28
33
20
12
52
22
17
26
37
20
24
38
15
23
29
26
32
29
27
26
29
29
33
25
29
17
25
18
12
8
30
37
20
24
22
29
29
26
27
24
18
22
29
28
20
28
29
26
26
30
16
28
11
18
20
13
19
27
17
27
37
24
18
15
23
8
17
26
29
11
24
27
26
18
18
21
33
24
6
13
28
19
24
24
22
24
37
37
14
32
39
53
19
22
24
40
26
24
28
39
30
26
22
27
27
22
27
28
37
27
23
31
9
26
31
31
24
14
32
24
27
22
37
21
26
18
24
31
12
14
25
28
34
25
15
32
13
26
27
36
23
35
27
23
19
18
26
16
24
33
35
22
28
25
16
21
18
15
28
27
21
30
21
19
30
39
620
20
25
27
30
18
26
31
20
24
29
16
24
38
21
24
24
20
17
18
13
11
23
17
13
22
13
20
27
19
26
22
20
23
26
16
14
20
18
17
27
10
14
24
14
17
31
22
27
30
27
43
32
28
27
29
22
23
18
23
21
18
16
21
11
17
26
29
20
27
32
43
38
25
26
19
14
24
16
36
34
26
26
19
15
17
17
14
12
18
42
26
29
16
36
21
18
23
15
19
27
16
14
9
18
7
27
23
22
14
8
11
11
24
26
27
39
26
23
19
29
34
22
15
18
30
11
17
24
29
38
20
26
22
20
13
24
21
21
11
30
20
28
22
19
33
13
31
21
22
26
22
31
32
21
16
28
23
18
16
17
15
18
19
18
18
20
11
19
30
20
24
28
14
40
20
27
33
24
20
22
17
17
39
35
24
25
38
34
13
22
33
22
23
18
32
32
22
30
23
38
22
9
19
18
12
8
18
19
17
16
13
29
44
22
15
24
17
29
13
24
34
19
25
11
39
27
15
22
18
25
30
32
64
18
29
14
17
13
15
12
20
15
15
13
20
20
14
22
18
15
17
22
26
13
15
15
19
16
12
15
15
29
17
18
9
18
16
18
18
12
16
15
25
17
24
11
19
14
17
15
15
12
16
21
19
15
16
13
16
16
16
16
13
17
15
15
16
11
12
23
13
16
20
21
18
19
12
24
18
17
8
12
14
21
16
16
15
24
16
27
22
16
24
25
21
20
24
14
20
25
30
21
9
20
25
20
17
20
26
27
23
16
17
19
21
21
17
20
28
32
16
20
12
25
20
27
34
37
24
22
39
17
42
25
20
20
22
24
38
49
24
34
25
37
21
27
25
23
20
35
13
13
15
16
22
28
15
13
13
18
23
37
29
13
20
16
35
19
12
15
17
20
37
19
24
18
25
20
16
15
20
16
20
13
14
21
16
18
20
17
12
15
25
27
18
19
17
12
12
12
15
14
14
15
15
18
16
14
20
11
12
19
33
16
20
22
17
31
17
22
21
21
28
29
22
11
23
17
17
27
14
16
16
19
17
27
17
23
18
21
25
28
24
16
23
25
18
21
20
13
19
20
24
18
33
12
17
24
25
22
21
13
24
18
17
22
23
23
32
21
19
13
18
17
22
22
18
22
11
17
21
10
17
21
22
19
20
32
19
15
13
26
17
20
21
15
11
15
19
19
18
23
24
24
16
7
26
