14
14
22
20
23
17
30
24
21
18
25
16
17
15
14
26
25
17
12
35
30
28
23
19
24
27
31
30
20
17
12
28
18
21
25
15
19
22
18
17
17
15
23
15
16
15
31
27
23
33
22
15
25
25
15
19
12
16
12
15
17
24
19
22
18
22
18
12
15
26
47
31
30
25
39
24
33
37
18
58
20
17
35
17
18
25
20
25
16
38
15
29
17
14
33
17
17
33
18
12
15
19
14
13
17
19
29
22
19
18
22
24
19
23
21
29
23
24
24
30
33
18
19
23
28
25
21
18
14
17
18
15
22
14
39
13
27
12
16
21
27
19
28
33
23
15
30
21
19
22
21
29
18
23
21
17
16
14
14
8
25
23
18
18
14
16
19
19
22
21
16
20
17
14
22
18
12
18
11
29
11
15
21
14
15
15
15
18
11
25
26
21
33
22
23
14
14
29
18
16
13
31
14
31
23
34
34
15
17
17
15
24
31
37
29
24
12
17
18
28
21
18
30
23
27
20
15
19
22
31
17
16
27
30
20
17
18
22
22
20
24
19
16
39
9
17
15
18
23
13
17
15
12
34
23
18
20
32
37
19
16
25
23
14
17
25
29
11
19
18
18
14
19
15
27
18
22
23
17
14
18
20
21
19
19
17
18
27
20
29
20
10
29
22
24
19
27
18
22
17
9
11
21
20
22
24
13
19
20
36
25
30
20
18
14
22
24
27
25
21
20
32
33
28
22
17
22
22
27
26
19
23
24
25
12
14
21
26
20
6
23
18
20
25
22
24
16
25
26
9
29
22
18
20
15
18
30
21
20
26
37
26
24
23
23
27
21
19
29
24
19
20
28
28
29
36
19
18
19
24
23
30
18
31
26
25
25
26
28
21
24
23
37
18
25
25
22
23
26
17
25
28
29
18
18
18
16
27
29
19
22
24
13
33
33
21
22
21
23
22
25
28
29
14
18
40
12
30
27
18
15
24
34
10
15
28
24
26
35
20
23
31
21
37
16
25
14
38
25
23
25
25
16
32
21
33
26
33
17
30
19
34
34
22
41
25
22
23
31
17
16
24
21
21
17
23
28
24
22
25
24
28
30
31
24
39
23
24
15
39
21
16
25
27
33
25
25
30
20
17
10
27
38
29
35
23
23
24
22
31
24
38
20
15
21
20
32
45
18
19
18
31
20
30
26
19
31
14
28
30
16
31
17
24
23
42
29
24
24
20
23
28
23
20
23
24
23
22
22
32
30
27
12
21
13
18
27
30
23
36
28
16
29
21
18
30
42
56
22
29
16
26
36
30
17
31
23
22
22
15
12
27
25
20
13
29
24
27
28
24
33
23
33
22
23
24
32
11
27
28
33
21
12
16
13
21
22
24
24
27
46
36
33
30
16
21
41
28
29
22
29
21
26
33
30
30
29
24
35
40
40
19
23
27
17
29
21
27
20
21
5
22
19
33
35
26
28
33
20
23
22
33
22
18
25
17
26
23
34
14
22
38
24
30
27
25
39
23
19
34
29
25
25
32
31
25
33
20
22
31
15
31
20
10
27
19
19
21
27
22
29
28
16
31
42
18
23
17
12
37
29
28
16
20
17
17
9
26
33
17
26
25
13
23
20
9
26
20
36
30
22
19
22
15
12
20
21
32
20
32
22
31
28
19
20
18
20
29
26
26
21
13
18
37
24
30
27
22
57
23
25
26
26
29
27
31
25
29
43
23
40
30
21
33
26
39
19
44
56
25
35
30
29
33
24
47
12
18
329
46
27
313
616
23
33
24
11
33
48
21
26
16
30
24
32
28
19
22
28
32
24
24
22
51
21
8
28
50
25
28
30
25
39
26
30
26
9
20
34
23
37
30
25
29
44
45
22
40
37
24
40
20
35
28
21
22
21
35
33
28
34
22
20
18
19
36
26
16
18
15
27
28
30
26
42
31
37
17
20
16
19
25
18
19
29
24
16
15
18
15
21
14
21
16
9
19
9
88
20
21
24
17
28
12
9
26
12
25
36
32
22
18
28
22
19
21
32
16
32
20
27
32
27
14
25
24
15
17
34
19
31
18
29
15
30
17
21
17
22
18
29
21
28
24
19
20
16
30
20
38
19
17
15
37
21
26
17
21
15
21
21
16
19
14
14
19
23
17
19
22
21
21
15
10
17
19
19
27
615
67
34
56
29
24
20
18
21
28
33
15
14
23
15
16
23
22
33
16
23
25
13
22
21
25
14
13
17
19
19
30
22
22
11
32
623
12
20
23
19
15
22
25
19
29
20
27
21
27
15
27
19
19
20
33
12
12
16
23
14
20
30
20
23
21
29
42
11
17
14
17
22
19
21
18
14
9
20
24
14
24
45
30
39
36
38
23
21
30
17
11
11
26
19
12
12
22
18
25
23
20
16
24
14
40
32
30
33
28
21
31
24
21
24
19
23
15
13
14
15
11
11
13
14
13
22
17
19
27
20
16
15
13
21
19
30
42
37
15
32
19
10
23
17
13
18
20
16
17
39
28
14
21
22
12
25
28
14
17
16
24
18
21
15
20
24
21
26
31
20
22
24
32
20
25
17
22
29
29
11
35
21
22
23
16
24
14
14
17
17
10
18
24
10
10
17
14
12
12
20
12
17
27
18
35
12
9
19
12
14
20
25
17
13
17
26
12
32
25
16
14
19
14
13
18
16
19
14
19
29
14
19
23
13
17
16
21
24
14
16
20
15
22
20
27
18
18
15
14
18
12
12
15
18
17
16
18
13
21
10
13
24
15
22
18
25
23
16
17
22
18
22
12
22
27
30
20
19
19
14
27
22
21
11
15
11
14
13
13
17
20
20
20
21
24
19
21
29
31
