38
35
37
21
24
26
31
17
896
34
40
28
31
31
18
25
16
19
1532
614
18
10
17
16
17
19
17
16
1046
22
18
21
8
19
21
9
10
27
3082
19
24
25
7
12
19
18
32
16
1609
25
615
21
10
16
18
6
14
20
22
32
97
18
30
618
6
20
14
21
25
21
12
32
25
19
30
26
32
26
2155
18
25
23
19
34
5
14
9
14
1620
16
615
18
20
10
22
9
10
27
38
80
45
37
11
13
13
20
24
29
967
13
19
31
25
10
22
24
13
19
1603
24
30
27
33
27
35
36
30
13
1530
26
45
50
20
24
5
14
18
18
1547
21
618
21
34
19
13
20
19
45
23
49
19
21
25
15
22
11
27
15
1043
17
34
18
17
18
25
30
29
18
3043
20
20
26
19
23
21
26
19
17
1583
25
25
19
12
16
24
23
16
22
1598
29
23
15
30
21
25
26
34
36
3004
32
13
27
23
18
28
29
19
23
1564
31
20
24
22
9
22
24
19
21
3051
26
15
24
15
22
21
22
27
24
3057
32
20
16
20
12
21
13
22
23
3061
22
616
19
26
19
17
22
23
21
22
33
19
15
18
22
24
25
37
22
1020
24
611
11
30
21
24
21
22
30
21
35
26
17
29
21
21
10
33
19
2483
25
24
40
19
39
26
33
28
20
1530
27
17
22
17
25
23
18
25
41
1566
617
30
26
21
15
19
25
27
26
976
29
613
16
8
19
12
28
24
14
6
24
14
24
21
19
19
18
23
30
1077
19
20
15
19
19
17
26
23
17
1614
25
19
33
23
26
28
25
25
22
1556
28
35
29
19
37
28
30
19
25
2988
23
28
23
54
19
33
16
44
40
2976
33
22
24
31
26
14
34
27
25
3001
30
30
33
34
31
19
26
18
36
1530
36
34
15
46
35
28
24
25
46
1487
39
36
15
32
29
26
14
17
29
1562
29
23
19
35
10
26
24
24
30
964
22
19
31
25
23
18
8
22
31
1600
598
24
16
29
24
22
12
53
28
954
614
21
627
29
17
27
21
22
21
13
23
21
14
22
17
17
24
24
22
1648
29
8
31
28
25
30
26
24
17
3018
16
22
24
23
23
27
24
19
19
3046
17
22
23
24
27
18
27
23
27
3050
20
37
26
17
22
11
23
17
19
1584
16
619
14
22
25
26
27
13
15
25
32
26
19
26
20
19
13
25
20
1040
22
20
20
16
14
18
41
31
19
1605
25
16
16
16
17
26
18
14
21
3047
19
19
24
19
18
22
22
17
13
1610
26
22
25
24
28
37
11
20
11
1572
31
15
16
15
24
15
13
24
18
1609
16
10
27
21
30
18
26
16
7
1622
37
41
26
28
24
14
17
23
28
1546
18
31
35
17
22
14
16
16
32
1563
18
16
29
31
27
20
18
30
20
1592
608
29
631
18
22
16
26
14
14
11
687
22
9
21
30
12
21
28
23
2454
20
14
16
26
28
31
25
16
26
3038
11
38
24
32
14
25
27
46
34
1541
2073
24
32
22
14
19
33
29
29
972
12
614
10
23
16
10
26
21
22
29
32
18
16
15
32
29
37
11
35
2476
29
19
33
24
22
22
28
21
23
1557
618
21
23
22
23
16
20
18
12
2495
57
610
25
24
24
18
27
25
28
23
23
22
28
31
37
20
27
20
18
3927
37
15
22
25
14
20
18
16
17
1605
610
28
24
20
32
23
28
16
19
3895
31
24
33
25
18
23
19
23
40
1555
18
618
14
18
18
22
24
22
20
16
106
21
22
18
32
17
18
15
18
2436
24
23
17
26
23
23
24
22
19
1586
20
19
18
350
21
18
22
29
17
20
938
22
21
22
33
25
30
28
29
2416
34
31
28
35
25
30
20
20
22
3000
21
18
23
14
21
24
17
37
22
1590
31
613
10
33
40
19
33
26
30
19
57
27
43
27
24
24
31
30
33
929
27
33
32
19
13
20
22
26
24
1567
2082
18
610
11
26
37
31
39
46
19
665
31
58
22
32
25
42
54
56
846
28
15
28
32
35
30
29
28
36
1506
26
28
29
34
26
32
24
16
19
1547
23
621
21
36
36
33
39
20
24
13
1516
41
21
30
15
40
37
35
30
919
8
31
36
38
32
38
29
34
24
1523
18
19
30
26
38
31
31
13
25
1537
617
27
23
17
27
31
28
20
24
971
23
20
34
27
30
37
34
20
30
1518
31
635
17
31
33
23
19
34
33
27
26
29
26
22
12
29
30
30
27
963
32
34
52
23
32
24
27
17
27
1513
42
28
35
39
37
29
14
23
16
1535
18
51
24
31
23
26
43
21
23
1510
23
33
32
30
26
24
32
27
18
1546
16
629
23
15
17
35
36
34
26
18
39
73
49
42
588
19
19
308
58
1177
16
25
32
17
22
32
35
19
41
1533
27
33
29
16
27
21
17
19
22
1585
34
7
16
27
27
25
37
33
21
1548
21
619
17
18
25
20
16
28
27
35
30
24
33
21
29
45
29
25
22
964
20
625
13
15
15
22
11
18
14
13
18
13
16
20
19
18
20
16
21
1090
25
16
15
15
17
22
14
24
28
3072
17
