10
617
8
8
8
7
7
6
8
6
6
6
6
6
7
7
7
7
6
7
6
8
8
7
7
8
5
7
7
6
6
7
6
10
8
8
9
7
8
8
9
8
7
7
7
9
6
7
8
8
8
7
8
8
8
7
6
9
7
6
9
8
7
7
8
6
6
6
5
7
7
5
5
7
10
6
7
5
7
7
6
8
9
7
7
7
6
5
6
6
5
5
7
6
9
6
7
7
5
5
7
10
9
9
8
8
7
7
8
8
7
8
7
9
6
7
7
7
8
7
7
6
7
8
6
7
7
7
6
7
7
6
7
6
4
6
5
8
7
6
4
4
745
7
7
373
4
4
6
7
6
6
1364
613
7
4
6
989
615
618
4
5
3
4
4
6
5
3
8
268
5
6
7
7
136
6
4
5
4
6
753
5
5
4
4
6
6
6
7
6
4
4
4
5
7
7
8
6
10
8
7
6
7
8
7
6
6
10
7
7
7
7
6
6
6
8
5
5
8
5
5
7
5
6
5
6
1000
4
8
6
4
9
8
7
5
8
5
7
5
7
4
5
8
5
7
8
6
7
8
8
6
8
8
10
5
6
8
9
8
9
7
8
8
5
6
5
11
4
7
2450
4
6
6
7
6
6
5
6
6
8
4
5
5
5
4
6
4
6
5
8
8
7
7
7
6
9
5
5
6
5
5
4
6
9
7
6
8
7
7
7
6
7
8
7
6
6
5
6
7
5
8
5
6
9
6
8
6
6
6
6
6
1303
9
8
8
8
8
7
8
9
8
8
8
6
7
7
8
6
7
7
6
8
7
7
9
7
11
8
7
9
8
7
7
7
7
7
7
6
5
6
6
8
9
7
7
7
7
6
7
4
8
6
8
5
5
7
8
7
6
8
7
8
6
8
7
9
10
7
5
5
8
7
7
7
6
8
7
8
8
9
6
7
8
7
6
5
7
7
8
5
5
4
7
4
4
5
6
9
8
8
6
7
5
7
10
8
8
8
6
8
8
7
6
8
6
6
8
8
8
7
8
9
8
7
7
7
7
8
7
6
7
8
7
7
8
7
7
7
7
5
7
8
6
5
7
7
9
7
7
4
5
6
5
6
7
5
5
6
5
8
6
8
7
7
8
8
7
6
6
7
7
7
8
6
6
7
4
8
5
7
8
6
5
6
5
6
4
4
4
5
5
3
9
614
9
7
11
8
7
8
9
7
7
7
9
8
7
6
6
8
6
8
8
7
7
8
8
5
8
8
7
6
7
8
5
6
7
8
9
8
8
7
9
8
7
6
6
7
4
7
5
9
7
7
5
6
7
5
6
5
5
7
6
6
6
8
6
7
5
6
7
7
6
7
7
6
5
5
6
6
7
7
7
6
7
8
6
5
5
9
11
8
9
8
9
9
9
8
8
7
10
7
8
8
7
7
8
8
8
7
8
7
7
10
8
6
8
8
7
7
7
8
8
7
7
7
8
7
8
8
7
7
8
6
7
7
7
6
8
8
8
8
7
6
6
6
7
8
6
7
7
7
8
8
8
6
7
7
8
7
8
6
8
7
9
7
6
8
8
8
7
7
6
7
6
6
7
6
4
1349
617
7
7
6
5
5
4
4
509
6
7
6
5
6
5
5
7
5
7
8
6
6
4
5
6
6
6
1379
615
7
7
6
7
7
5
5
5
7
7
6
7
4
5
6
7
7
7
8
6
5
6
6
7
7
5
7
7
6
773
7
6
6
6
132
6
6
5
991
6
5
7
6
6
7
6
6
6
6
6
7
6
6
6
997
617
5
5
378
619
7
6
8
6
8
7
7
7
5
6
868
5
5
375
617
7
7
6
7
134
6
7
6
7
130
8
1224
7
5
6
7
7
6
5
7
1112
6
6
8
6
6
7
6
7
10
614
8
6
7
8
5
7
8
6
7
10
6
7
9
6
7
8
6
8
6
7
8
7
6
9
6
8
8
6
6
6
7
6
7
7
7
7
7
6
7
6
7
7
7
8
6
8
7
6
7
6
7
6
7
6
7
7
6
7
6
7
7
7
6
7
7
6
5
6
6
6
6
6
7
5
7
7
6
5
7
7
6
5
6
7
6
7
7
6
6
7
7
6
6
6
5
5
7
6
5
5
6
3092
3
6
6
10
8
9
7
8
9
8
9
8
8
7
6
8
8
7
7
7
6
7
8
7
7
8
5
8
7
5
7
8
7
6
9
7
8
8
5
7
8
8
8
6
7
7
7
8
6
8
9
8
7
8
7
7
8
8
8
5
7
6
5
7
7
6
7
7
6
6
8
7
7
7
8
7
7
6
8
6
6
6
6
6
7
6
8
7
4
5
5
7
4
5
10
9
6
9
9
9
9
8
8
7
8
9
8
8
8
9
7
8
6
7
7
8
7
8
9
8
6
7
9
7
7
7
8
8
7
6
8
7
8
7
7
8
8
7
8
7
7
5
7
8
7
7
7
7
7
7
6
5
7
11
7
8
8
6
7
6
7
7
6
8
6
6
6
8
7
7
7
5
6
504
7
5
6
7
138
615
7
7
8
8
7
7
7
6
5
5
5
5
4
7
5
7
6
6
6
6
1133
618
7
8
7
7
5
5
7
7
5
7
874
621
7
7
7
7
6
6
6
8
6
4
6
7
4
7
7
6
142
5
7
8
6
7
6
6
5
5
5
7
22
7
5
5
6
6
7
5
5
5
5
879
6
8
4
5
6
10
9
7
8
8
8
8
8
8
9
8
5
7
6
7
5
8
6
7
7
7
7
8
11
8
9
7
6
9
7
7
8
6
7
8
8
8
8
8
7
6
6
7
6
7
8
8
9
7
7
6
7
7
8
5
6
7
6
7
7
7
7
7
6
7
6
7
7
7
6
7
7
7
6
4
6
7
7
8
8
8
8
7
8
8
6
7
8
7
6
7
5
8
7
7
6
8
7
5
7
6
7
6
5
8
6
8
6
6
6
7
7
7
7
7
8
8
7
7
8
7
8
6
7
7
7
8
5
5
7
5
7
6
5
7
8
6
8
7
8
7
7
7
6
7
7
8
7
6
8
6
8
8
7
7
5
7
7
7
8
7
7
6
6
8
8
6
5
8
8
5
7
7
6
8
7
7
7
8
7
5
8
8
7
6
9
6
5
6
8
8
7
7
8
8
7
7
8
5
8
6
7
8
8
6
6
7
6
8
5
7
5
9
8
8
10
7
8
7
8
6
6
6
8
8
7
6
8
9
10
7
9
6
7
6
7
6
8
6
8
7
9
9
6
6
7
4
7
6
6
7
5
7
5
6
4
8
8
9
7
6
8
5
7
8
7
8
7
9
6
7
7
7
10
6
6
9
8
5
6
8
5
24
7
10
7
7
9
8
6
8
5
6
4
9
5
8
8
8
4
5
4
5
4
6
6
7
7
7
7
6
6
7
7
7
7
5
7
6
7
7
8
6
7
7
5
7
8
7
4
7
6
6
7
8
8
8
7
8
6
6
5
5
6
6
7
5
6
7
7
6
5
6
6
6
678
6
6
5
4
6
7
4
6
6
5
5
8
6
6
5
4
5
4
4
